1    0.0     0.0     2    9.0                                                     
2    4.68    7.56    3    7.9                                                     
3    7.2     15.12   4    10.9                                                    
4    10.26   25.56   5    4.7     48   5.7                                                
5    11.7    30.06   6    0.8                                                     
6    11.16   31.14   7    1.0     66   3.5                                     
7    10.8    31.68   6    1.0     8    5.0                                     
8    11.34   36.72   7    5.0     9    3.7                                     
9    12.06   40.32   8    3.7     10   2.9     78   5.9                     
10   12.24   43.2    9    2.9     11   6.5                                     
11   13.32   49.68   10   6.5     12   4.0                                     
12   13.86   53.64   89   4.9                                                     
13   8.64    59.0    14   0.8     84   6.3                                     
14   8.1     59.76   15   0.5                                                     
15   8.28    60.12   16   2.5                                                     
16   6.12    61.38   17   4.3                                                     
17   2.52    63.54   18   5.2     86   6.0                                     
18   -1.8    66.96   19   1.2                                                     
19   -2.88   66.78   20   3.5                                                     
20   -5.76   68.04   21   2.0                                                     
21   -7.74   66.78   22   1.0                                                     
22   -9.0    66.96   23   9.5                                                     
23   -15.48  73.44   24   2.6                                                     
24   -15.1   75.6    25   1.5                                                     
25   -14.94  77.4    26   4.2                                                     
26   -19.08  76.32   27   2.3                                                     
27   -21.42  77.4    28   23.3                                                    
28   -35.28  59.0    29   3.1                                                     
29   -33.3   57.24   30   7.7                                                     
30   -30.2   49.86   31   13.7                                                    
31   -19.8   41.4    32   2.0                                                     
32   -20.52  39.6    33   7.5                                                     
33   -27.18  36.36   34   2.1                                                     
34   -28.98  34.38   35   2.0                                                     
35   -29.88  32.94   36   1.5                                                     
36   -30.06  31.5    37   5.8     76   2.8                                     
37   -26.28  27.3    38   18.2    87   3.3                                     
38   -14.22  13.68   39   10.1                                                    
39   -6.66   6.3     40   6.2     42   5.4                                     
40   -2.7    2.34    1    3.8     41   1.3                                     
41   -1.44   3.24    42   3.9                                                     
42   -1.8    6.84    2    6.4     45   7.5                                     
43   5.04    14.9    3    2.4     49   10.7                                    
44   1.44    14.58   43   3.6                                                     
45   -2.34   14.4    44   3.8     46   4.8                                     
46   -3.06   19.26   47   2.5     52   3.8                                     
47   -5.4    18.0                                                                    
48   4.86    26.28   49   1.4     66   5.8                                     
49   3.42    25.56   50   1.4                                                     
50   2.16    25.2    51   1.9                                                     
51   0.18    24.3    44   9.5     52   4.3                                     
52   -3.78   23.04   53   1.9                                                     
53   -5.4    22.86   54   1.5                                                     
54   -6.66   21.6    38   11.1    60   6.5                                     
55   2.34    27.36   50   2.0     56   5.4                                     
56   -2.88   27.9    57   2.3     69   4.5                                     
57   -4.68   26.28   52   3.3                                                     
58   -4.86   28.26   57   2.0                                                     
59   -6.3    29.7    58   2.0                                                     
60   -11.88  25.56   61   1.9                                                     
61   -12.96  27.0    63   2.0                                                     
62   -10.44  29.52   63   2.8                                                     
63   -13.5   28.98   64   2.2                                                     
64   -14.22  30.96   71   2.8                                                     
65   -23.22  30.78   64   9.3     73   4.3                                     
66   7.38    30.96   6    3.5     67   4.6                                     
67   2.88    31.68   66   4.5     55   4.5     90   0.6     69   5.8     
68   2.52    31.86   90   1.0     80   5.2                                     
69   -2.7    32.04   67   5.8     70   3.5                                     
70   -6.12   32.58   59   3.3     69   3.5     71   7.8                     
71   -13.86  33.48   70   7.8     72   1.0                                     
72   -14.76  34.02   71   1.0     73   7.9                                     
73   -22.5   34.56   72   7.2     74   2.0                                     
74   -24.48  35.1    73   2.0     75   2.2                                     
75   -26.64  34.92   74   2.2     76   2.3                                     
76   -28.26  33.48   75   2.3     36   2.9                                     
77   4.32    37.62   8    7.2     88   1.7                                     
78   6.12    41.94   79   3.3                                                     
79   7.74    44.64   10   4.6                                                     
80   1.98    37.8    68   5.3     83   15.3                                    
81   -15.84  37.44   72   3.6                                                     
82   -15.12  39.78   81   2.1                                                     
83   11.16   50.22   11   2.1     80   15.3                                    
84   7.2     53.28   83   4.7                                                     
85   2.7     56.52   16   6.0     84   5.8                                     
86   -0.9    58.68   82   23.1    85   4.2                                     
87   -23.94  29.52   65   1.3                                                     
88   4.68    39.6    78   2.9                                                     
89   10.98   57.6    13   2.8                                                     
90   2.7     32.04   67   0.6     68   1.1     77   6.0                     
